=== fid: 09000029
 3d 00 00 80
 01 00 00 00
 3d 00 00 80

 0c 00 00 40

 02 00 00 00

 0b 00 3d 00 01 00 00 00|c8 05 00 03 1d 00 00 00 ff ff ff ff 00 00 00 00
 0c 00 3d 00 01 00 00 00 c8 05 00 03 00 00 00 00 ff ff ff ff 00 00 00 00

 00 00 00 00
 02 00 00 00
 0b 00 3d 00

 01 00
 00 00

 0c 00 00 40 01 00 00 00 c8 05 00 03 00 00 00 00 ff ff ff ff 00 00 f0 c1

 0c 00 3d 00
 01 00
 00 00

 0b 00 00 40 01 00 00 00 c8 05 00 03 00 00 00 00 ff ff ff ff 00 00 f0 41
=== fid: 0900002a
 3d 00 00 80 
 01 00 00 00 
 3d 00 00 80 0c 00 00 40 
 02 00 00 00 0b 00 3d 00 01 00 00 00 c7 05 00 03 1d 00 00 00 ff ff ff ff 00 00 00 00
 0c 00 3d 00 01 00 00 00 c7 05 00 03 00 00 00 00 ff ff ff ff 00 00 00 00 00 00 00 00 02 00 00 00 0b 00 3d 00 01 00 00 00
 0c 00 00 40 01 00 00 00 c7 05 00 03 00 00 00 00 ff ff ff ff 00 00 f0 c1 0c 00 3d 00 01 00 00 00
 0b 00 00 40 01 00 00 00 c7 05 00 03 00 00 00 00 ff ff ff ff 00 00 f0 41
=== fid: 0900002b
 3d 00 00 80
 01 00 00 00 
 3d 00 00 80 

 0c 00 00 40

 02 00 00 00 

 0b 00 3d 00 01 00 00 00 c6 05 00 03 1d 00 00 00 ff ff ff ff 00 00 00 00
 0c 00 3d 00 01 00 00 00 c6 05 00 03 00 00 00 00 ff ff ff ff 00 00 00 00

 00 00 00 00
 02 00 00 00
 0b 00 3d 00

 01 00
 00 00

 0c 00 00 40 01 00 00 00 c6 05 00 03 00 00 00 00 ff ff ff ff 00 00 f0 c1

 0c 00 3d 00

 01 00
 00 00

 0b 00 00 40 01 00 00 00 c6 05 00 03 00 00 00 00 ff ff ff ff 00 00 f0 41
=== fid: 0900002c
 3d 00 00 80 01 00 00 00 3d 00 00 80 0c 00 00 40 02 00 00 00 0b 00 3d 00 01 00 00 00 c5 05 00 03 =.......=......@......=.........
 1d 00 00 00 ff ff ff ff 00 00 00 00 0c 00 3d 00 01 00 00 00 c5 05 00 03 00 00 00 00 ff ff ff ff ..............=.................
 00 00 00 00 00 00 00 00 02 00 00 00 0b 00 3d 00 01 00 00 00 0c 00 00 40 01 00 00 00 c5 05 00 03 ..............=........@........
 00 00 00 00 ff ff ff ff 00 00 f0 c1 0c 00 3d 00 01 00 00 00 0b 00 00 40 01 00 00 00 c5 05 00 03 ..............=........@........
 00 00 00 00 ff ff ff ff 00 00 f0 41                                                             ...........A
=== fid: 0900002d
 3d 00 00 80 01 00 00 00 3d 00 00 80 03 00 00 41 01 00 00 00 03 00 3d 00 01 00 00 00 f6 05 00 03 =.......=......A......=.........
 00 00 00 00 ff ff ff ff 00 00 f0 41 00 00 00 00 01 00 00 00 03 00 3d 00 02 00 00 00 51 00 00 10 ...........A..........=.....Q...
 03 00 00 00 f5 05 00 03 00 00 00 00 ff ff ff ff 00 00 f0 41 f7 05 00 03 00 00 00 00 ff ff ff ff ...................A............
 00 00 f0 41 f3 05 00 03 00 00 00 00 ff ff ff ff 00 00 f0 41 52 00 00 10 01 00 00 00 f4 05 00 03 ...A...............AR...........
 00 00 00 00 ff ff ff ff 00 00 f0 41                                                             ...........A
===
 3d 00 00 80
 01 00 00 00
 3d 00 00 80

 03 00|00 41 01 00 00 00 

 03 00 3d 00 01 00 00 00 6a 09 00 03 00 00 00 00 ff ff ff ff 00 00 f0 41

 00 00 00 00
 01 00 00 00
 03 00 3d 00
 09 00 00 00

 4a 00 00 10 01 00 00 00 6f 09 00 03 00 00 00 00 ff ff ff ff 00 00 f0 41
 4b 00 00 10 01 00 00 00 70 09 00 03 00 00 00 00 ff ff ff ff 00 00 f0 41
 4d 00 00 10 01 00 00 00 6e 09 00 03 00 00 00 00 ff ff ff ff 00 00 f0 41
 4e 00 00 10 01 00 00 00 6c 09 00 03 00 00 00 00 ff ff ff ff 00 00 f0 41
 4f 00 00 10 01 00 00 00 6d 09 00 03 00 00 00 00 ff ff ff ff 00 00 f0 41
 50 00 00 10 01 00 00 00 6b 09 00 03 00 00 00 00 ff ff ff ff 00 00 f0 41
 51 00 00 10 01 00 00 00 65 09 00 03 00 00 00 00 ff ff ff ff 00 00 f0 41
 52 00 00 10 01 00 00 00 66 09 00 03 00 00 00 00 ff ff ff ff 00 00 f0 41
 53 00 00 10 01 00 00 00 64 09 00 03 00 00 00 00 ff ff ff ff 00 00 f0 41
========

 3d 00|00 80
 03 00 00 00
 47 00 00 80

 03 00 00 41 3c 00 00 80
 03 00 00 41 3d 00 00 80
 03 00 00 41

 25 00 00 00

 03 00 47 00 01 00 00 00 16 00 00 03 00 00 00 00 ff ff ff ff 00 00 f0 41
 03 00 3c 00 01 00 00 00 16 00 00 03 00 00 00 00 ff ff ff ff 00 00 f0 41
 03 00 3d 00 01 00 00 00 16 00 00 03 00 00 00 00 ff ff ff ff 00 00 f0 41

 05 00 47 00 01 00 00 00 15 00 00 03 00 00 00 00 ff ff ff ff 00 00 f0 41 
 05 00 3c 00 01 00 00 00 15 00 00 03 00 00 00 00 ff ff ff ff 00 00 f0 41 
 05 00 3d 00 01 00 00 00 15 00 00 03 00 00 00 00 ff ff ff ff 00 00 f0 41 

 07 00 47 00 01 00 00 00 15 00 00 03 00 00 00 00 ff ff ff ff 00 00 34 42 
 07 00 3c 00 01 00 00 00 15 00 00 03 00 00 00 00 ff ff ff ff 00 00 34 42
 07 00 3d 00 01 00 00 00 15 00 00 03 00 00 00 00 ff ff ff ff 00 00 34 42

 08 00 47 00 01 00 00 00 1a 00 00 03 28 00 00 00 28 00 00 00 00 00 f0 41
 08 00 3c 00 01 00 00 00 1a 00 00 03 28 00 00 00 28 00 00 00 00 00 f0 41
 08 00 3d 00 01 00 00 00 1a 00 00 03 28 00 00 00 28 00 00 00 00 00 f0 41

 0d 00 47 00 01 02 02 00 60 05 00 03 00 00 00 00 ff ff ff ff 00 00 f0 41 00 00 00 00 00 00 00 00|00 00 c0 bf
 0d 00 3c 00 01 02 02 00 60 05 00 03 00 00 00 00 ff ff ff ff 00 00 f0 41 00 00 00 00 00 00 00 00|00 00 c0 bf
 0d 00 3d 00 01 02 02 00 60 05 00 03 00 00 00 00 ff ff ff ff 00 00 f0 41 00 00 00 00 00 00 00 00|00 00 c0 bf

 0f 00 47 00 01 00 00 00 1e 00 00 03 00 00 00 00 ff ff ff ff 00 00 f0 41
 0f 00 3c 00 01 00 00 00 1e 00 00 03 00 00 00 00 ff ff ff ff 00 00 f0 41

 11 00 47 00 01 00 00 00 1a 00 00 03 28 00 00 00 ff ff ff ff 00 00 00 00
 11 00 3c 00 01 00 00 00 1a 00 00 03 28 00 00 00 ff ff ff ff 00 00 00 00
 11 00 3d 00 01 00 00 00 1a 00 00 03 28 00 00 00 ff ff ff ff 00 00 00 00

 d3 00 47 00 01 00 00 00 16 00 00 03 00 00 00 00 ff ff ff ff 00 00 f0 41
 d3 00 3c 00 01 00 00 00 16 00 00 03 00 00 00 00 ff ff ff ff 00 00 f0 41
 d3 00 3d 00 01 00 00 00 16 00 00 03 00 00 00 00 ff ff ff ff 00 00 f0 41

 16 00 47 00 01 00 00 00 50 09 00 03 01 00 00 00 ff ff ff ff 00 00 00 00
 1e 00 47 00 01 00 00 00 50 09 00 03 1b 00 00 00 ff ff ff ff 00 00 00 00

============================================
 3d 00 00 80
 04 00 00 00
 47 00 00 80

 03 00 00 41 3c 00 00 80
 03 00 00 41 3d 00 00 80
 03 00 00 41 3e 00 00 80
 03 00 00 41

 35 00 00 00

 03 00 47 00 01 00 00 00 7d 05 00 03 00 00 00 00 ff ff ff ff 00 00 f0 41
 03 00 3e 00 01 00 00 00 7c 05 00 03 00 00 00 00 ff ff ff ff 00 00 f0 41
 03 00 3c 00 01 00 00 00 7d 05 00 03 00 00 00 00 ff ff ff ff 00 00 f0 41
 03 00 3d 00 01 00 00 00 7d 05 00 03 00 00 00 00 ff ff ff ff 00 00 f0 41
 05 00 47 00 01 00 00 00 e3 00 00 03 00 00 00 00 ff ff ff ff 00 00 f0 41
 05 00 3e 00 01 00 00 00 e3 00 00 03 00 00 00 00 ff ff ff ff 00 00 f0 41
 05 00 3c 00 01 00 00 00 e3 00 00 03 00 00 00 00 ff ff ff ff 00 00 f0 41 05 00 3d 00 01 00 00 00 e3 00 00 03 ...................A..=.........
 00 00 00 00 ff ff ff ff 00 00 f0 41 07 00 47 00 01 00 00 00 e2 00 00 03 00 00 00 00 ff ff ff ff ...........A..G.................
 00 00 a8 41 07 00 3e 00 01 00 00 00 e2 00 00 03 00 00 00 00 ff ff ff ff 00 00 a8 41 07 00 3c 00 ...A..>....................A..<.
 01 00 00 00 e2 00 00 03 00 00 00 00 ff ff ff ff 00 00 a8 41 07 00 3d 00 01 00 00 00 e2 00 00 03 ...................A..=.........
 00 00 00 00 ff ff ff ff 00 00 a8 41 08 00 47 00 01 00 00 00 ef 00 00 03 28 00 00 00 28 00 00 00 ...........A..G.........(...(...
 00 00 f0 41 08 00 3e 00 01 00 00 00 ef 00 00 03 28 00 00 00 28 00 00 00 00 00 f0 41 08 00 3c 00 ...A..>.........(...(......A..<.
 01 00 00 00 ef 00 00 03 28 00 00 00 28 00 00 00 00 00 f0 41 08 00 3d 00 01 00 00 00 ef 00 00 03 ........(...(......A..=.........
 28 00 00 00 28 00 00 00 00 00 f0 41 0d 00 47 00 01 02 02 00 82 05 00 03 00 00 00 00 ff ff ff ff (...(......A..G.................
 00 00 f0 41 00 00 00 00 00 00 00 00 00 00 90 c0 0d 00 3e 00 01 02 02 00 83 05 00 03 00 00 00 00 ...A..............>.............
 ff ff ff ff 00 00 f0 41 00 00 00 00 00 00 00 00 00 00 80 c0 0d 00 3c 00 01 02 02 00 82 05 00 03 .......A..............<.........






======================================
 fid = 27 00 00 09
 unk1 = 3d 00 00 80
 count1 = 04 00 00 00
 unk2 = 47 00 00 80

 03 00 00 41 3c 00 00 80
 03 00 00 41 3d 00 00 80
 03 00 00 41 3e 00 00 80
 03 00 00 41

 35 00 00 00

 03 00 47 00 01 00 00 00 7d 05 00 03 00 00 00 00 ff ff ff ff 00 00 f0 41
 03 00 3e 00 01 00 00 00 7c 05 00 03 00 00 00 00 ff ff ff ff 00 00 f0 41
 03 00 3c 00 01 00 00 00 7d 05 00 03 00 00 00 00 ff ff ff ff 00 00 f0 41
 03 00 3d 00 01 00 00 00 7d 05 00 03 00 00 00 00 ff ff ff ff 00 00 f0 41
 05 00 47 00 01 00 00 00 e3 00 00 03 00 00 00 00 ff ff ff ff 00 00 f0 41
 05 00 3e 00 01 00 00 00 e3 00 00 03 00 00 00 00 ff ff ff ff 00 00 f0 41
 05 00 3c 00 01 00 00 00 e3 00 00 03 00 00 00 00 ff ff ff ff 00 00 f0 41
 05 00 3d 00 01 00 00 00 e3 00 00 03 00 00 00 00 ff ff ff ff 00 00 f0 41
 07 00 47 00 01 00 00 00 e2 00 00 03 00 00 00 00 ff ff ff ff 00 00 a8 41
 07 00 3e 00 01 00 00 00 e2 00 00 03 00 00 00 00 ff ff ff ff 00 00 a8 41
 07 00 3c 00 01 00 00 00 e2 00 00 03 00 00 00 00 ff ff ff ff 00 00 a8 41
 07 00 3d 00 01 00 00 00 e2 00 00 03 00 00 00 00 ff ff ff ff 00 00 a8 41
 08 00 47 00 01 00 00 00 ef 00 00 03 28 00 00 00 28 00 00 00 00 00 f0 41
 08 00 3e 00 01 00 00 00 ef 00 00 03 28 00 00 00 28 00 00 00 00 00 f0 41
 08 00 3c 00 01 00 00 00 ef 00 00 03 28 00 00 00 28 00 00 00 00 00 f0 41
 08 00 3d 00 01 00 00 00 ef 00 00 03 28 00 00 00 28 00 00 00 00 00 f0 41
 0d 00 47 00 01 02 02 00 82 05 00 03 00 00 00 00 ff ff ff ff 00 00 f0 41 00 00 00 00|00 00 00 00|00 00 90 c0
 0d 00 3e 00 01 02 02 00 83 05 00 03 00 00 00 00 ff ff ff ff 00 00 f0 41 00 00 00 00 00 00 00 00 00 00 80 c0
 0d 00 3c 00 01 02 02 00 82 05 00 03 00 00 00 00 ff ff ff ff 00 00 f0 41 00 00 00 00 00 00 00 00 00 00 90 c0
 0d 00 3d 00 01 02 02 00 82 05 00 03 00 00 00 00 ff ff ff ff 00 00 f0 41 00 00 00 00 00 00 00 00 00 00 90 c0
 0f 00 47 00 01 00 00 00 7f 05 00 03 00 00 00 00 ff ff ff ff 00 00 f0 c1
 0f 00 3e 00 01 00 00 00 80 05 00 03 00 00 00 00 ff ff ff ff 00 00 f0 c1 0f 00 3c 00 01 00 00 00 7f 05 00 03 00 00 00 00 ..................<.............
 ff ff ff ff 00 00 f0 c1 0f 00 3d 00 01 00 00 00 7f 05 00 03 00 00 00 00 ff ff ff ff 00 00 f0 c1 ..........=.....................
 11 00 47 00 01 00 00 00 ef 00 00 03 28 00 00 00 ff ff ff ff 00 00 00 00 11 00 3e 00 01 00 00 00 ..G.........(.............>.....
 ef 00 00 03 28 00 00 00 ff ff ff ff 00 00 00 00 11 00 3c 00 01 00 00 00 ef 00 00 03 28 00 00 00 ....(.............<.........(...
 ff ff ff ff 00 00 00 00 11 00 3d 00 01 00 00 00 ef 00 00 03 28 00 00 00 ff ff ff ff 00 00 00 00 ..........=.........(...........
 d3 00 47 00 01 00 00 00 2d 06 00 03 1d 00 00 00 ff ff ff ff 00 00 00 00 d3 00 3e 00 01 00 00 00 ..G.....-.................>.....
 2d 06 00 03 1d 00 00 00 ff ff ff ff 00 00 00 00 d3 00 3c 00 01 00 00 00 2d 06 00 03 1d 00 00 00 -.................<.....-.......
 ff ff ff ff 00 00 00 00 d3 00 3d 00 01 00 00 00 2d 06 00 03 1d 00 00 00 ff ff ff ff 00 00 00 00 ..........=.....-...............
 15 00 47 00 01 00 00 00 88 05 00 03 00 00 00 00 ff ff ff ff 00 00 f0 41 15 00 3e 00 01 00 00 00 ..G....................A..>.....
 88 05 00 03 00 00 00 00 ff ff ff ff 00 00 f0 41 15 00 3c 00 01 00 00 00 88 05 00 03 00 00 00 00 ...............A..<.............
 ff ff ff ff 00 00 f0 41 15 00 3d 00 01 00 00 00 88 05 00 03 00 00 00 00 ff ff ff ff 00 00 f0 41 .......A..=....................A
 16 00 47 00 01 00 00 00 6e 05 00 03 0e 00 00 00 ff ff ff ff 00 00 00 00 18 00 47 00 01 00 00 00 ..G.....n.................G.....
 8f 05 00 03 17 00 00 00 ff ff ff ff 00 00 00 00 18 00 3c 00 01 00 00 00 8f 05 00 03 17 00 00 00 ..................<.............
 ff ff ff ff 00 00 00 00 18 00 3d 00 01 00 00 00 8f 05 00 03 17 00 00 00 ff ff ff ff 00 00 00 00 ..........=.....................
 1e 00 47 00 01 00 00 00 6e 05 00 03 0e 00 00 00 ff ff ff ff 00 00 00 00 1f 00 47 00 01 00 00 00 ..G.....n.................G.....
 6e 05 00 03 0e 00 00 00 ff ff ff ff 00 00 00 00 20 00 47 00 01 00 00 00 6e 05 00 03 0e 00 00 00 n............... .G.....n.......
 ff ff ff ff 00 00 00 00 21 00 47 00 01 00 00 00 6e 05 00 03 0e 00 00 00 ff ff ff ff 00 00 00 00 ........!.G.....n...............
 22 00 47 00 01 00 00 00 6e 05 00 03 0e 00 00 00 ff ff ff ff 00 00 00 00 23 00 47 00 01 00 00 00 ".G.....n...............#.G.....
 6e 05 00 03 0e 00 00 00 ff ff ff ff 00 00 00 00 24 00 47 00 01 00 00 00 6e 05 00 03 0e 00 00 00 n...............$.G.....n.......
 ff ff ff ff 00 00 00 00 25 00 47 00 01 00 00 00 6e 05 00 03 0e 00 00 00 ff ff ff ff 00 00 00 00 ........%.G.....n...............
 26 00 47 00 01 00 00 00 6e 05 00 03 0e 00 00 00 ff ff ff ff 00 00 00 00 27 00 47 00 01 00 00 00 &.G.....n...............'.G.....
 6e 05 00 03 0e 00 00 00 ff ff ff ff 00 00 00 00 28 00 47 00 01 00 00 00 6e 05 00 03 0e 00 00 00 n...............(.G.....n.......
 ff ff ff ff 00 00 00 00 29 00 47 00 01 00 00 00 6e 05 00 03 0e 00 00 00 ff ff ff ff 00 00 00 00 ........).G.....n...............
 2a 00 47 00 01 00 00 00 6e 05 00 03 0e 00 00 00 ff ff ff ff 00 00 00 00 04 00 00 00 10 00 00 00 *.G.....n.......................
 00 00 01 00 00 00 00 c0 00 00 00 00 00 00 00 00 0d 00 00 00 00 00 02 00 00 00 00 00 00 00 00 00 ................................
 66 66 86 c0 0e 00 00 00 00 00 02 00 00 00 00 00 00 00 00 00 66 66 86 40 0f 00 00 00 00 00 01 00 ff..................ff.@........
 00 00 00 40 00 00 00 00 00 00 00 00 28 00 00 00 00 00 3d 00 01 00 00 00 3e 00 00 80 01 00 00 00 ...@........(.....=.....>.......
 6a 05 00 03 00 00 00 00 ff ff ff ff 00 00 f0 41 00 00 47 00 01 00 00 00 3e 00 00 80 01 00 00 00 j..............A..G.....>.......
 6a 05 00 03 00 00 00 00 ff ff ff ff 00 00 f0 41 00 00 3e 00 03 00 00 00 47 00 00 80 01 00 00 00 j..............A..>.....G.......
 6a 05 00 03 00 00 00 00 ff ff ff ff 00 00 f0 c1 3c 00 00 80 01 00 00 00 6a 05 00 03 00 00 00 00 j...............<.......j.......

==============================


 c0 00 00 09
 3d 00 00 80
 0a 00 00 00
 40 00 00 80
 03 00 00 41 41 00 00 80
 03 00 00 41 44 00 00 80
 03 00 00 41 46 00 00 80
 03 00 00 41 47 00 00 80
 03 00 00 41 49 00 00 80
 03 00 00 41 3c 00 00 80
 03 00 00 41 3d 00 00 80
 03 00 00 41 3e 00 00 80
 03 00 00 41 3f 00 00 80
 03 00 00 41

 cc 00 00 00
 03 00 46 00 01 00 00 00 a8 0c 00 03 00 00 00 00 ff ff ff ff 00 00 f0 41
 03 00 44 00 01 00 00 00 05 0b 00 03 00 00 00 00 ff ff ff ff 00 00 f0 41
 03 00 49 00 01 00 00 00 98 05 00 03 1e 00 00 00 ff ff ff ff 00 00 00 00
 03 00 47 00 01 00 00 00 9e 04 00 03 00 00 00 00 ff ff ff ff 00 00 f0 41 
 03 00 41 00 01 00 00 00 74 04 00 03 00 00 00 00 ff ff ff ff 00 00 f0 41
 03 00 3f 00 01 00 00 00 5a 04 00 03 00 00 00 00 ff ff ff ff 00 00 f0 41
 03 00 40 00 01 00 00 00 26 04 00 03 00 00 00 00 ff ff ff ff 00 00 f0 41
 03 00 3e 00 01 00 00 00 3d 04 00 03 00 00 00 00 ff ff ff ff 00 00 f0 41
 03 00 3c 00 01 00 00 00 48 04 00 03 00 00 00 00 ff ff ff ff 00 00 f0 41
 03 00 3d 00 01 00 00 00 01 00 00 03 00 00 00 00 ff ff ff ff 00 00 f0 41
 05 00 46 00 01 00 00 00 a4 0c 00 03 00 00 00 00 ff ff ff ff 00 00 70 42
 05 00 44 00 01 00 00 00 06 0b 00 03 00 00 00 00 ff ff ff ff 00 00 70 42
 05 00 47 00 01 00 00 00 78 04 00 03 00 00 00 00 ff ff ff ff 00 00 f0 41
 05 00 41 00 01 00 00 00 6f 04 00 03 00 00 00 00 ff ff ff ff 00 00 f0 41
 05 00 3f 00 01 00 00 00 59 04 00 03 00 00 00 00 ff ff ff ff 00 00 f0 41
 05 00 40 00 01 00 00 00 fc 02 00 03 00 00 00 00 ff ff ff ff 00 00 f0 41
 05 00 3e 00 01 00 00 00 31 04 00 03 00 00 00 00 ff ff ff ff 00 00 f0 41
 05 00 3c 00 01 00 00 00 c1 00 00 03 00 00 00 00 ff ff ff ff 00 00 f0 41
 05 00 3d 00 01 00 00 00 38 02 00 03 00 00 00 00 ff ff ff ff 4c b7 4d 42
 07 00 46 00 01 00 00 00 02 00 00 03 00 00 00 00 ff ff ff ff 00 00 f0 41
 07 00 44 00 01 00 00 00 02 00 00 03 00 00 00 00 ff ff ff ff 00 00 f0 41
 07 00 47 00 01 00 00 00 02 00 00 03 00 00 00 00 ff ff ff ff 00 00 f0 41
 07 00 41 00 01 00 00 00 02 00 00 03 00 00 00 00 ff ff ff ff 00 00 f0 41
 07 00 3f 00 01 00 00 00 02 00 00 03 00 00 00 00 ff ff ff ff 00 00 f0 41
 07 00 40 00 01 00 00 00 02 00 00 03 00 00 00 00 ff ff ff ff 00 00 f0 41
 07 00 3e 00 01 00 00 00 02 00 00 03 00 00 00 00 ff ff ff ff 00 00 f0 41
 07 00 3c 00 01 00 00 00 02 00 00 03 00 00 00 00 ff ff ff ff 00 00 f0 41
 07 00 3d 00 01 00 00 00 37 02 00 03 00 00 00 00 ff ff ff ff 00 00 f0 41
 08 00 46 00 01 01 00 00 97 03 00 03 00 00 00 00 ff ff ff ff 00 00 f0 41
 08 00 44 00 01 01 00 00 97 03 00 03 00 00 00 00 ff ff ff ff 00 00 f0 41
 08 00 47 00 01 00 00 00 97 03 00 03 00 00 00 00 ff ff ff ff 00 00 f0 41
 08 00 41 00 01 01 00 00 97 03 00 03 00 00 00 00 ff ff ff ff 00 00 f0 41
 08 00 3f 00 01 01 00 00 97 03 00 03 00 00 00 00 ff ff ff ff 00 00 f0 41
 08 00 40 00 01 01 00 00 97 03 00 03 00 00 00 00 ff ff ff ff 00 00 f0 41
 08 00 3e 00 01 01 00 00 97 03 00 03 00 00 00 00 ff ff ff ff 00 00 f0 41
 08 00 3c 00 01 01 00 00 97 03 00 03 00 00 00 00 ff ff ff ff 00 00 f0 41
 08 00 3d 00 01 01 00 00 97 03 00 03 00 00 00 00 ff ff ff ff 00 00 f0 41
 09 00 46 00 01 00 00 00 a5 0c 00 03 00 00 00 00 ff ff ff ff 00 00 f0 41
 09 00 44 00 01 00 00 00 07 0b 00 03 00 00 00 00 ff ff ff ff 00 00 f0 41
 0d 00 46 00 01 02 02 00 a5 0c 00 03 00 00 00 00 ff ff ff ff 00 00 f0 41 00 00 00 00 00 00 00 00 00 00 c0 bf
 0d 00 44 00 01 02 02 00 07 0b 00 03 00 00 00 00 ff ff ff ff 00 00 f0 41 00 00 00 00 00 00 00 00 00 00 c0 bf
 0d 00 49 00 01 00 02 00 98 05 00 03 1e 00 00 00 ff ff ff ff 00 00 f0 41 00 00 00 00 00 00 00 00 00 00 00 c0
 0d 00 47 00 01 02 02 00 9c 04 00 03 00 00 00 00 ff ff ff ff 00 00 f0 41 00 00 00 00 00 00 00 00 00 00 c0 bf
 0d 00 41 00 01 02 02 00 6e 04 00 03 00 00 00 00 ff ff ff ff 00 00 f0 41 00 00 00 00 00 00 00 00 00 00 60 c0
 0d 00 3f 00 n..............A..........`...?.
 01 02 02 00 5c 04 00 03 00 00 00 00 ff ff ff ff 00 00 f0 41 00 00 00 00 00 00 00 00 00 00 40 c0 ....\..............A..........@.
 0d 00 40 00 01 02 02 00 8d 03 00 03 00 00 00 00 ff ff ff ff 00 00 f0 41 00 00 00 00 00 00 00 00 ..@....................A........
 00 00 40 c0 0d 00 3e 00 01 02 02 00 33 04 00 03 00 00 00 00 ff ff ff ff 00 00 f0 41 00 00 00 00 ..@...>.....3..............A....
 00 00 00 00 00 00 40 c0 0d 00 3c 00 01 02 02 00 8b 03 00 03 00 00 00 00 ff ff ff ff 00 00 f0 41 ......@...<....................A
 00 00 00 00 00 00 00 00 00 00 60 c0 0d 00 3d 00 01 02 02 00 8c 03 00 03 00 00 00 00 ff ff ff ff ..........`...=.................
 00 00 f0 41 00 00 00 00 00 00 00 00 00 00 60 c0 0f 00 46 00 01 02 00 00 a6 0c 00 03 00 00 00 00 ...A..........`...F.............
 ff ff ff ff 00 00 f0 c1 0f 00 44 00 01 02 00 00 08 0b 00 03 00 00 00 00 ff ff ff ff 00 00 f0 c1 ..........D.....................
 0f 00 47 00 01 00 00 00 9d 04 00 03 00 00 00 00 ff ff ff ff 00 00 f0 c1 0f 00 41 00 01 00 00 00 ..G.......................A.....
 71 04 00 03 00 00 00 00 ff ff ff ff 00 00 f0 41 0f 00 3f 00 01 02 00 00 93 02 00 03 00 00 00 00 q..............A..?.............
 ff ff ff ff 00 00 f0 c1 0f 00 40 00 01 02 00 00 f4 02 00 03 00 00 00 00 ff ff ff ff 00 00 f0 c1 ..........@.....................
 0f 00 3e 00 01 02 00 00 35 04 00 03 00 00 00 00 ff ff ff ff 00 00 f0 c1 0f 00 3c 00 01 02 00 00 ..>.....5.................<.....
 73 02 00 03 00 00 00 00 ff ff ff ff 00 00 f0 c1 0f 00 3d 00 01 02 00 00 b7 04 00 03 00 00 00 00 s.................=.............
 ff ff ff ff 00 00 f0 c1 11 00 46 00 01 00 00 00 97 03 00 03 00 00 00 00 ff ff ff ff 00 00 00 00 ..........F.....................
 11 00 44 00 01 00 00 00 97 03 00 03 00 00 00 00 ff ff ff ff 00 00 00 00 11 00 49 00 01 00 00 00 ..D.......................I.....
 97 03 00 03 00 00 00 00 ff ff ff ff 00 00 00 00 11 00 47 00 01 00 00 00 97 03 00 03 00 00 00 00 ..................G.............
 ff ff ff ff 00 00 00 00 11 00 41 00 01 00 00 00 97 03 00 03 00 00 00 00 ff ff ff ff 00 00 00 00 ..........A.....................
 11 00 3f 00 01 00 00 00 97 03 00 03 00 00 00 00 ff ff ff ff 00 00 00 00 11 00 40 00 01 00 00 00 ..?.......................@.....
 97 03 00 03 00 00 00 00 ff ff ff ff 00 00 00 00 11 00 3e 00 01 00 00 00 97 03 00 03 00 00 00 00 ..................>.............
 ff ff ff ff 00 00 00 00 11 00 3c 00 01 00 00 00 97 03 00 03 00 00 00 00 ff ff ff ff 00 00 00 00 ..........<.....................
 11 00 3d 00 01 00 00 00 97 03 00 03 00 00 00 00 ff ff ff ff 00 00 00 00 12 00 3d 00 01 01 00 00 ..=.......................=.....
 68 04 00 03 00 00 00 00 ff ff ff ff 00 00 f0 41 d3 00 46 00 01 00 00 00 8e 07 00 03 1d 00 00 00 h..............A..F.............
 ff ff ff ff 00 00 00 00 d3 00 44 00 01 00 00 00 8e 07 00 03 1d 00 00 00 ff ff ff ff 00 00 00 00 ..........D.....................
 d3 00 47 00 01 00 00 00 bd 08 00 03 34 00 00 00 ff ff ff ff 00 00 00 00 d3 00 41 00 01 00 00 00 ..G.........4.............A.....
 bd 08 00 03 34 00 00 00 ff ff ff ff 00 00 00 00 d3 00 3f 00 01 00 00 00 bd 08 00 03 34 00 00 00 ....4.............?.........4...
 ff ff ff ff 00 00 00 00 d3 00 40 00 01 00 00 00 bd 08 00 03 34 00 00 00 ff ff ff ff 00 00 00 00 ..........@.........4...........
 d3 00 3e 00 01 00 00 00 bd 08 00 03 34 00 00 00 ff ff ff ff 00 00 00 00 d3 00 3c 00 01 00 00 00 ..>.........4.............<.....

==========================
 00 00 00 00
 01 00 00 00
 03 00 3d 00
 02 00 00 00
 51 00 00 10 01 00 00 00 49 09 00 03 00 00 00 00 ff ff ff ff 00 00 10 41
 52 00 00 10 01 00 00 00 49 09 00 03 00 00 00 00 ff ff ff ff 00 00 10 41

====================
$ sh dump-anim-strips-inner.sh 09000025

 07 00 00 00
 0d 00 44 00
 00 00 02 00 00 00 00 00 00 00 00 00 00 00 40 c0 0d 00 3f 00 00 00 02 00
 00 00 00 00 00 00 00 00 00 00 40 c0 0d 00 40 00 00 00 02 00 00 00 00 00 00 00 00 00 00 00 40 c0
 0d 00 3e 00 00 00 02 00 00 00 00 00 00 00 00 00 00 00 40 c0 0d 00 3c 00 00 00 02 00 00 00 00 00
 00 00 00 00 00 00 40 c0 0d 00 00 00 00 00 02 00 00 00 00 00 00 00 00 00 00 00 90 c0 0f 00 00 00
 00 00 01 00 00 00 a0 3f 00 00 00 00 00 00 00 00 79 00 00 00

 00 00 47 00 01 00 00 00|3d 00 00 80 01 00 00 00 a0 04 00 03 00 00 00 00 ff ff ff ff 00 00 f0 c1
 00 00 41 00 01 00 00 00|3d 00 00 80 01 00 00 00 73 04 00 03 00 00 00 00 ff ff ff ff 00 00 f0 41
 00 00 3f 00 01 00 00 00|3d 00 00 80 01 00 00 00 5e 04 00 03 00 00 00 00 ff ff ff ff 00 00 f0 41
 00 00 40 00 01 00 00 00|3d 00 00 80 01 00 00 00 24 04 00 03 00 00 00 00 ff ff ff ff 00 00 f0 c1
 00 00 3e 00 01 00 00 00|3d 00 00 80 01 00 00 00 34 04 00 03 00 00 00 00 ff ff ff ff 00 00 f0 c1
 00 00 3c 00 01 00 00 00|3d 00 00 80 01 00 00 00 49 04 00 03 00 00 00 00 ff ff ff ff 00 00 f0 c1
 00 00 3d 00 06 00 00 00|40 00 00 80 01 00 00 00 24 04 00 03 00 00 00 00 ff ff ff ff 00 00 f0 41
                         41 00 00 80 01 00 00 00 73 04 00 03 00 00 00 00 ff ff ff ff 00 00 f0 c1
                         47 00 00 80 01 00 00 00 a0 04 00 03 00 00 00 00 ff ff ff ff 00 00 f0 41
                         3c 00 00 80 01 00 00 00 49 04 00 03 00 00 00 00 ff ff ff ff 00 00 f0 41
                         3e 00 00 80 01 00 00 00 34 04 00 03 00 00 00 00 ff ff ff ff 00 00 f0 41
                         3f 00 00 80 01 00 00 00 5e 04 00 03 00 00 00 00 ff ff ff ff 00 00 f0 c1
                         
03 00 44 00 1c 00 00 00 07 00 00 44 02 00 00 00 04 0b 00 03
